"SZYHRY"
35
140
190
206
215
296
301
339
365
456
468
510
512
533
538
555
558
569
577
580
593
597
601
617
630
683
699
720
757
814
866
894
905
935
949
1031
1156
1181
1213
1223
1229
1259
1278
1283
1294
1329
1359
1360
1425
1480
1496
1501
1505
1533
1547
1559
1587
1589
1600
1601
1607
1643
1653
1657
1664
1733
1762
1763
1772
1814
1862
1923
1928
1930
1996
2008
2095
2099
2133
2142
2144
2188
2190
2223
2245
2302
2368
2369
2379
2427
2428
2472
2475
2480
2489
2490
2492
2514
2555
2572
2622
2642
2661
2663
2674
2677
2741
2743
2765
2770
2783
2813
2832
2927
3003
3052
3063
3066
3067
3074
3123
3173
3189
3198
3224
3249
3270
3305
3328
3360
3361
3386
3419
3427
3444
3464
3469
3509
3515
3544
3649
3657
3695
3700
3722
3753
3777
3828
3847
3852
3894
3952
3966
3976
4022
4098
4106
4107
4110
4115
4130
4165
4169
4188
4196
4203
4229
4272
4291
4380
4387
4391
4413
4425
4457
4494
4504
4508
4554
4586
4589
4597
4609
4653
4656
4695
4734
4762
4857
4870
4876
4877
4879
4892
4917
4918
4926
4964
4981
4982
