"SZYHRY"
0.085990265
0.96325916
0.00035573845
0.9998976
0.9993461
5.076018e-05
2.1105416e-05
5.181205e-05
1.0788548e-05
7.048101e-06
0.99940646
0.9993166
0.00044951678
0.9999883
0.03700838
0.9949174
0.9886437
0.9999665
0.9991968
0.9993968
0.00022794289
0.9997913
0.9994962
0.9999379
0.99549484
0.0003758418
0.9987478
0.99957615
0.0047319047
0.84213686
0.9970227
0.9643916
0.0002342459
0.9997609
0.9929356
0.99997044
0.09053607
0.96325916
0.00075163826
0.0047533093
0.999445
7.7340126e-05
0.96325916
0.99992037
0.00064490386
0.0016004386
0.96967554
0.009351795
0.9978377
0.0005829459
8.14394e-06
0.00017324572
9.83604e-06
6.856016e-05
0.99999464
0.9999883
0.019204436
1.5042268e-05
0.93561435
0.99816763
0.9999651
1.1427977e-05
9.640329e-05
0.9997912
0.00014842296
0.0142131755
0.9978138
0.99914324
0.99805
0.9966905
0.0005952987
0.08299277
0.054748207
0.9993555
0.9999722
0.99604416
0.0047171107
0.00016886243
0.99671257
0.99999
0.0048638987
0.9996345
0.9963791
0.9956873
0.27436998
0.99977404
0.0010381067
0.99960524
0.0012279272
0.9747167
0.9995803
0.9577411
2.1017182e-05
2.1886328e-06
0.99849784
0.0076782214
0.9987317
3.680936e-05
0.11050803
0.999655
0.022925008
7.472763e-05
0.9955402
0.9976858
0.999445
0.9999187
1.40340735e-05
0.9928705
0.9999881
1.4953904e-05
0.97659904
6.974442e-05
0.9998634
0.0003469566
0.996775
0.9998584
1.0595865e-05
2.236745e-06
2.0667427e-05
0.999624
0.00017172212
0.9876512
0.05005064
0.9976186
4.3511933e-05
9.4921954e-05
0.9860372
0.000138384
2.0821893e-05
0.0059311227
0.00066426245
0.0025198956
3.1897896e-05
0.99247265
7.867714e-06
0.9999007
0.99946195
0.999062
1.5520212e-05
0.99977535
0.9999355
0.9561087
6.8535905e-05
0.9999143
0.99653614
0.9992084
1.5246599e-05
0.99998343
0.9829966
7.891934e-06
0.9544226
0.0004148554
0.99991286
0.99767214
0.9999591
3.447371e-05
0.9998305
0.00051625184
0.9992387
0.0008282555
0.99604416
0.00014011342
0.99877447
0.00014411756
0.033375453
3.1468582e-05
0.00088415976
5.987959e-05
0.99896765
0.99900824
0.9977424
0.999819
3.3213088e-05
0.0014620383
0.99982435
0.9926231
0.9999713
0.9487127
0.9999732
9.7110686e-05
0.00012772727
0.99849737
0.009129786
0.00037393658
0.000691675
0.99823284
0.96325916
0.99858
0.96325916
0.023476744
0.99886227
0.7266518
0.9998123
4.8332095e-06
0.9550404
6.475302e-06
1.5647685e-06
1.2532796e-06
0.9987949
0.99995184
0.99812514
0.9799826
0.00025643027
0.99855226
0.0011843505
0.0010237991
0.99980325
9.169384e-06
0.9998988
0.0003645607
0.99987876
4.4809087e-05
0.9994972
0.9995989
0.000105604144
5.105539e-05
0.99964964
0.00014007042
0.99817073
0.01776485
0.99994016
0.68231475
9.468709e-05
0.9926543
1.7180591e-05
1.0755243e-05
0.9998338
0.78254795
0.020829113
0.9948526
7.3088386e-06
3.3241795e-05
0.9998716
5.335797e-07
5.1689316e-05
3.0305591e-06
0.000541448
0.99967957
0.00021418059
0.979882
0.9681609
0.43652517
0.00013424517
0.00013326998
2.6354099e-05
0.5401076
0.999747
0.0075534657
0.9999893
0.9999025
0.9702542
0.9915255
0.9953159
7.074632e-05
0.9998049
8.3617815e-06
0.99947864
0.9993838
3.4032444e-05
0.9991499
0.99973196
0.00026876174
0.00012237199
0.255849
2.0426318e-05
0.9836812
9.387292e-05
0.9987245
0.99376583
0.58168846
0.0013408107
3.7440589e-06
0.99396497
0.88193357
0.0004880004
1.772514e-05
0.0010083724
0.9910755
0.9990044
0.99999404
0.99406517
0.99851996
5.9169375e-05
0.96325916
3.6628678e-06
0.00048652964
0.0001990956
0.9999877
3.6620295e-05
0.999032
2.0792704e-05
0.00012403195
0.2717392
0.9999802
4.0158826e-05
0.9997917
0.9816151
0.9970446
0.99997354
0.033039104
0.99936086
0.9999651
0.028182305
0.000103097496
0.00018822443
0.00031792984
0.011318001
0.9999099
0.81000644
0.9954196
0.999062
0.9991166
5.349811e-06
2.012595e-05
0.99985707
0.99820006
3.6071757e-05
7.642819e-06
0.9998265
0.059377164
8.375545e-05
0.001034866
0.9999212
0.00014004478
0.9714575
5.8872087e-05
0.99999344
0.9926543
0.0025929555
0.00090219517
0.9929416
3.9867414e-06
1.2112015e-05
0.9976839
6.900059e-05
0.9777525
0.99933475
0.35704648
0.9977233
0.9968732
0.9989705
0.9990722
0.24694248
6.729883e-05
9.820414e-05
0.98696125
0.99954706
0.9978446
0.99968374
0.0013122446
0.9997079
0.008970771
0.99995375
0.00043853043
8.295856e-06
0.0037431205
0.9999572
0.9975598
0.96325916
0.8709998
0.9999331
0.99862814
0.9962327
0.0003334011
0.99976176
2.0709529e-05
0.03382888
0.9997571
0.0008346754
0.99985886
0.00042250525
3.8742965e-05
0.99588495
0.77201545
0.00047537193
3.1987288e-06
1.8330019e-06
0.99956185
0.9998416
0.0005046069
0.9640136
0.9987317
0.99900025
0.377516
0.9975018
0.0032252779
0.0014272375
0.9483765
0.99610114
0.00121735
0.0036230623
0.9962921
0.9836812
0.00035223807
7.931801e-05
0.001252267
0.99349916
8.058988e-05
0.99698514
0.9999733
0.96325916
0.99849784
2.1110489e-05
0.9998914
0.9768912
0.08182414
1.0314242e-05
0.0014449044
0.009768781
0.07230336
7.497418e-06
0.99904305
0.00023920173
0.0050374614
0.018379541
0.99935323
0.48650065
0.0001195206
0.0003097996
0.00011039853
0.9999294
0.999617
0.99849784
0.0014200169
0.99757844
0.0004857606
0.9999263
0.99981767
1.4734348e-06
0.004170484
0.9904303
0.002373088
8.976087e-05
0.8381878
5.1955383e-05
0.99985886
0.9723459
0.99990964
0.999749
0.99306834
3.9586004e-05
0.00017833013
3.9862816e-06
0.9999732
0.9980196
0.99917126
0.5726397
1.5515876e-05
0.0033588076
0.00016245563
0.0034028112
0.9925736
3.570491e-05
0.9977829
0.12267528
0.9997161
0.004266887
1.8203459e-06
0.99977905
0.0004729784
3.4882556e-05
0.99982786
0.018779408
0.00051022216
0.9927523
0.99966383
0.99904853
1.3719009e-05
0.9982231
3.8099293e-05
0.97313774
6.922137e-05
0.0016316298
0.9998436
0.9994361
0.99867827
0.99961734
0.00075417134
0.00044663114
0.8149733
0.99985635
0.75763917
0.0004631677
0.00017325678
0.99384487
0.99965787
0.011623578
0.9767495
0.9998636
0.00012613386
0.00017852543
0.9992723
0.99993694
0.00044363353
8.477352e-05
0.9974214
0.9996605
0.9993
0.9748659
0.00012147526
0.9976889
0.9995914
6.511523e-05
1.9581996e-05
0.28841323
0.00078186515
7.377466e-05
0.99322635
0.2940942
0.99992573
0.00017626667
0.9999932
0.99968743
0.000118190495
0.00030630498
0.0005621717
0.0018190745
8.9721594e-05
1.6147324e-05
0.0006237277
0.08269802
0.0003582909
0.99596006
0.9989297
0.4415999
3.31237e-05
0.00039218625
0.9989507
0.9746334
0.9998542
0.012063681
0.0012851683
0.99992585
0.0006987543
0.22650203
0.9996737
0.00049031613
0.9999238
0.0001313116
0.99999344
6.0129546e-06
0.9991019
7.701659e-05
0.00023680927
0.00060384953
6.7566034e-06
0.999736
0.99997044
0.989769
0.99806136
0.9949313
1.1725934e-05
3.2390497e-05
0.00018823861
0.99732816
0.0043706805
0.9994578
0.9993268
2.7843877e-05
0.9999683
0.96325916
0.9992207
0.9993641
5.704556e-06
7.266873e-05
0.999749
7.779822e-05
3.246041e-05
0.00023775427
0.00036470042
0.9448681
0.9999449
0.0020870862
0.9994118
0.99718314
0.90600413
0.9985089
0.99706703
0.98346126
6.5109737e-07
0.00010026812
0.0010988713
1.8933891e-06
0.008612893
0.97798836
0.00015618507
0.0022938955
1.1037965e-05
0.99999166
0.999905
0.99604416
0.00418929
0.07512955
2.6641967e-05
0.0027046415
0.98134655
3.797451e-05
0.99771994
0.99566746
7.4739382e-06
0.9407768
0.99967086
1.9522142e-05
0.9996532
5.5718523e-05
9.20291e-06
0.00011059314
0.0084809
0.9922395
0.96325916
0.10278092
0.99954706
0.99384487
1.7518623e-05
0.99943143
0.0021193589
5.340009e-06
0.0022702257
2.4576261e-06
0.9591353
0.0003450227
0.10667728
0.00015067296
0.0016274244
0.9999635
0.9995832
0.9993693
1.4684643e-05
0.0017808498
4.3720862e-05
0.0007172631
0.99998486
0.99963474
0.00011017663
0.99963
0.9999801
3.2472424e-05
0.9854394
0.99998677
0.9641012
1.3118335e-05
0.99960524
0.0006703984
0.11551387
0.9943327
9.193428e-06
7.7697536e-05
0.984108
0.017716024
0.9998772
3.3481138e-05
0.00646719
0.0017246314
0.9998797
1.1264054e-05
1.5358984e-06
0.00093556364
0.00042825783
0.00025866702
0.99987257
0.9998516
0.9997143
0.999835
0.00061223825
0.00030291217
2.9533536e-05
0.99903095
1.0969179e-05
0.024021827
0.9997726
0.00025942968
0.00014493422
0.9997447
0.9993717
0.00010777677
0.002706484
0.00012486595
0.99450064
0.0011322141
0.99626607
0.00038719364
0.9846171
0.00021203067
0.9872114
0.9999337
3.3190383e-05
0.99997413
0.0009843601
0.9989416
0.99977463
0.9996879
1.2110318e-05
0.9998684
0.99161327
9.950157e-05
1.8529223e-05
0.0028316355
1.1356761e-05
0.9992113
2.4203382e-05
0.99672467
1.3854907e-05
0.00017469403
0.99960524
0.023796922
0.00010205685
0.8193584
0.9958617
5.5485278e-05
0.0004985518
0.9971257
0.9996834
0.002322557
0.0059749186
0.9993461
0.00016248568
0.00019357441
1.7441824e-05
0.0016549652
0.99998355
0.99781525
0.9997446
0.99879646
0.99966836
0.99803025
0.89603555
0.00024264034
0.0057623275
0.9895481
4.6107736e-05
0.9998073
0.9999796
0.99849784
0.9666267
1.079042e-05
0.0062740487
0.00027667973
0.99800783
0.96325916
0.99968827
0.000319266
2.218193e-05
1.0695734e-05
0.0022089458
0.9998778
4.366386e-05
0.999509
6.169383e-05
0.9991136
0.00014360494
0.0007011717
0.9758648
2.8505188e-05
0.99757653
4.299863e-05
0.8532276
0.99982053
2.7583472e-05
0.99974865
0.9596892
0.98659813
0.0081454
0.96325916
0.0011919071
0.9998946
0.9999933
0.015531372
0.9996257
0.00011933565
0.87208676
4.9287046e-05
0.00025071783
0.9833535
0.9999231
4.33354e-05
0.9987766
7.818087e-06
0.9987262
0.9991565
0.00019183659
1.536171e-05
0.010812719
0.07210101
4.091397e-05
8.655377e-05
0.99432665
0.0001154667
0.0006588293
2.5176514e-05
0.00051111466
8.384095e-05
5.2874034e-06
0.99950945
2.5348576e-05
0.9999409
0.0011226193
0.9720095
0.96325916
1.0667456e-05
0.99998856
4.171448e-05
0.9996544
1.6456659e-05
0.0052319006
1.2153356e-06
0.9960587
0.99992883
0.9949586
0.007601185
0.00036435953
0.001346908
0.999448
0.6292631
0.9998317
0.99998224
0.99703074
0.000820792
1.4374126e-05
5.6085988e-05
0.99979836
0.99043965
0.031197235
0.99781525
0.9982401
0.052723724
6.4521496e-06
0.9999609
0.005478334
0.0013607155
0.9995927
8.380498e-05
0.9999759
6.0300532e-05
0.6100482
0.999977
0.98037785
7.5912576e-05
3.2070748e-05
1.868103e-06
0.9990688
0.9944299
0.059506457
0.0038063978
0.96864814
0.99342656
0.9783241
0.00024213908
3.2444197e-05
0.9997323
2.4881758e-05
9.925518e-05
1.2792194e-05
0.9983766
1.15319945e-05
0.99998605
0.00012586977
0.00020065432
0.99918395
0.9974855
0.9995245
0.00033574598
0.996439
4.1060346e-05
0.0004482295
9.949617e-05
0.9967259
0.999828
3.896268e-05
0.9924224
0.9991425
0.9971215
6.539701e-06
0.000102575024
0.99849784
2.9703802e-05
0.99982136
7.757641e-05
5.297885e-05
0.9997907
0.12631495
0.000987606
0.00026984912
0.00019631232
0.9763498
0.99793196
0.938616
1.4024677e-06
0.9996866
0.9820389
0.99852765
1.5366529e-06
0.90854067
0.99896014
0.9916358
0.0003558258
0.9387334
0.99404013
0.0058332537
0.016971303
4.0549658e-05
2.4925052e-05
2.033045e-05
1.9807396e-05
0.0039861645
0.99768114
0.025861425
3.708802e-06
0.0106833605
0.9984933
0.8119456
0.9846906
0.99849606
0.9488382
0.9986118
9.439832e-07
8.189878e-05
0.0023530729
4.1938645e-05
0.99937844
0.9998759
0.99995685
0.99904543
0.9999261
0.00014044905
0.98813474
0.12466271
0.98586696
4.105827e-05
0.0001610349
7.137163e-05
9.069838e-05
9.432139e-05
9.692472e-06
0.00019912027
0.99989784
0.0022210006
0.99784195
0.99695814
0.99973184
0.000578402
5.956368e-05
0.94749594
6.424231e-06
0.999882
0.00020026059
0.9995297
8.564375e-05
0.9987318
9.8807184e-05
0.99995255
0.72056985
0.70189685
0.022766294
1.6253634e-05
0.9992791
0.95144457
0.0016941177
0.99851936
0.9999521
0.99965894
0.0016420222
0.9999379
1.1977737e-05
0.99879646
0.9996655
1.3561952e-06
0.9994273
0.9994305
0.9999596
5.113501e-05
0.040255483
0.99600405
0.4420444
0.9989281
5.6099543e-06
0.00096992246
4.6720488e-05
0.998228
0.8160755
0.9993255
0.99784696
0.984362
0.00010190991
0.99238116
4.3102085e-05
0.00043285527
0.9998265
0.96325916
0.9999206
0.00038467933
0.00042952033
0.9995621
0.0028538774
0.9994469
0.001730901
0.00062917604
0.63159204
0.9879199
0.00017044417
5.8201304e-06
